00000000000000000000000000000001 0
00000000000000000000000000000001 1
00000000000000000000000000000001 2
00000000000000000000000000000001 3
00000000000000000000000000000001 4
00000000000000000000000000000001 5
00000000000000000000000000000001 6
00000000000000000000000000000001 7
00000000000000000000000000000001 8
00000000000000000000000000000001 9
00000000000000000000000000000001 10
00000000000000000000000000000001 11
00000000000000000000000000000001 12
00000000000000000000000000000001 13
00000000000000000000000000000001 14
00000000000000000000000000000001 15
00000000000000000000000000000001 16
00000000000000000000000000000001 17
00000000000000000000000000000001 18
00000000000000000000000000000001 19
00000000000000000000000000000001 20
00000000000000000000000000000001 21
00000000000000000000000000000001 22
00000000000000000000000000000001 23
00000000000000000000000000000001 24
00000000000000000000000000000001 25
00000000000000000000000000000001 26
00000000000000000000000000000001 27
00000000000000000000000000000001 28
00000000000000000000000000000001 29
00000000000000000000000000000001 30
00000000000000000000000000000001 31
00000000000000000000000000000001 32
00000000000000000000000000000001 33
00000000000000000000000000000001 34
00000000000000000000000000000001 35
00000000000000000000000000000001 36
00000000000000000000000000000001 37
00000000000000000000000000000001 38
00000000000000000000000000000001 39
00000000000000000000000000000001 40
00000000000000000000000000000001 41
00000000000000000000000000000001 42
00000000000000000000000000000001 43
00000000000000000000000000000001 44
00000000000000000000000000000001 45
00000000000000000000000000000001 46
00000000000000000000000000000001 47
00000000000000000000000000000001 48
00000000000000000000000000000001 49
00000000000000000000000000000001 50
00000000000000000000000000000001 51
00000000000000000000000000000001 52
00000000000000000000000000000001 53
00000000000000000000000000000001 54
00000000000000000000000000000001 55
00000000000000000000000000000001 56
00000000000000000000000000000001 57
00000000000000000000000000000001 58
00000000000000000000000000000001 59
00000000000000000000000000000001 60
00000000000000000000000000000001 61
00000000000000000000000000000001 62
00000000000000000000000000000001 63
00000000000000000000000000000001 64
00000000000000000000000000000001 65
00000000000000000000000000000001 66
00000000000000000000000000000001 67
00000000000000000000000000000001 68
00000000000000000000000000000001 69
00000000000000000000000000000001 70
00000000000000000000000000000001 71
00000000000000000000000000000001 72
00000000000000000000000000000001 73
00000000000000000000000000000001 74
00000000000000000000000000000001 75
00000000000000000000000000000001 76
00000000000000000000000000000001 77
00000000000000000000000000000001 78
00000000000000000000000000000001 79
00000000000000000000000000000001 80
00000000000000000000000000000001 81
00000000000000000000000000000001 82
00000000000000000000000000000001 83
00000000000000000000000000000001 84
00000000000000000000000000000001 85
00000000000000000000000000000001 86
00000000000000000000000000000001 87
00000000000000000000000000000001 88
00000000000000000000000000000001 89
00000000000000000000000000000001 90
00000000000000000000000000000001 91
00000000000000000000000000000001 92
00000000000000000000000000000001 93
00000000000000000000000000000001 94
00000000000000000000000000000001 95
00000000000000000000000000000001 96
00000000000000000000000000000001 97
00000000000000000000000000000001 98
00000000000000000000000000000001 99
00000000000000000000000000000001 100
00000000000000000000000000000001 101
00000000000000000000000000000001 102
00000000000000000000000000000001 103
00000000000000000000000000000001 104
00000000000000000000000000000001 105
00000000000000000000000000000001 106
00000000000000000000000000000001 107
00000000000000000000000000000001 108
00000000000000000000000000000001 109
00000000000000000000000000000001 110
00000000000000000000000000000001 111
00000000000000000000000000000001 112
00000000000000000000000000000001 113
00000000000000000000000000000001 114
00000000000000000000000000000001 115
00000000000000000000000000000001 116
00000000000000000000000000000001 117
00000000000000000000000000000001 118
00000000000000000000000000000001 119
00000000000000000000000000000001 120
00000000000000000000000000000001 121
00000000000000000000000000000001 122
00000000000000000000000000000001 123
00000000000000000000000000000001 124
00000000000000000000000000000001 125
00000000000000000000000000000001 126
00000000000000000000000000000001 127
00000000000000000000000000000001 128
00000000000000000000000000000001 129
00000000000000000000000000000001 130
00000000000000000000000000000001 131
00000000000000000000000000000001 132
00000000000000000000000000000001 133
00000000000000000000000000000001 134
00000000000000000000000000000001 135
00000000000000000000000000000001 136
00000000000000000000000000000001 137
00000000000000000000000000000001 138
00000000000000000000000000000001 139
00000000000000000000000000000001 140
00000000000000000000000000000001 141
00000000000000000000000000000001 142
00000000000000000000000000000001 143
00000000000000000000000000000001 144
00000000000000000000000000000001 145
00000000000000000000000000000001 146
00000000000000000000000000000001 147
00000000000000000000000000000001 148
00000000000000000000000000000001 149
00000000000000000000000000000001 150
00000000000000000000000000000001 151
00000000000000000000000000000001 152
00000000000000000000000000000001 153
00000000000000000000000000000001 154
00000000000000000000000000000001 155
00000000000000000000000000000001 156
00000000000000000000000000000001 157
00000000000000000000000000000001 158
00000000000000000000000000000001 159
00000000000000000000000000000001 160
00000000000000000000000000000001 161
00000000000000000000000000000001 162
00000000000000000000000000000001 163
00000000000000000000000000000001 164
00000000000000000000000000000001 165
00000000000000000000000000000001 166
00000000000000000000000000000001 167
00000000000000000000000000000001 168
00000000000000000000000000000001 169
00000000000000000000000000000001 170
00000000000000000000000000000001 171
00000000000000000000000000000001 172
00000000000000000000000000000001 173
00000000000000000000000000000001 174
00000000000000000000000000000001 175
00000000000000000000000000000001 176
00000000000000000000000000000001 177
00000000000000000000000000000001 178
00000000000000000000000000000001 179
00000000000000000000000000000001 180
00000000000000000000000000000001 181
00000000000000000000000000000001 182
00000000000000000000000000000001 183
00000000000000000000000000000001 184
00000000000000000000000000000001 185
00000000000000000000000000000001 186
00000000000000000000000000000001 187
00000000000000000000000000000001 188
00000000000000000000000000000001 189
00000000000000000000000000000001 190
00000000000000000000000000000001 191
00000000000000000000000000000001 192
00000000000000000000000000000001 193
00000000000000000000000000000001 194
00000000000000000000000000000001 195
00000000000000000000000000000001 196
00000000000000000000000000000001 197
00000000000000000000000000000001 198
00000000000000000000000000000001 199
00000000000000000000000000000001 200
00000000000000000000000000000001 201
00000000000000000000000000000001 202
00000000000000000000000000000001 203
00000000000000000000000000000001 204
00000000000000000000000000000001 205
00000000000000000000000000000001 206
00000000000000000000000000000001 207
00000000000000000000000000000001 208
00000000000000000000000000000001 209
00000000000000000000000000000001 210
00000000000000000000000000000001 211
00000000000000000000000000000001 212
00000000000000000000000000000001 213
00000000000000000000000000000001 214
00000000000000000000000000000001 215
00000000000000000000000000000001 216
00000000000000000000000000000001 217
00000000000000000000000000000001 218
00000000000000000000000000000001 219
00000000000000000000000000000001 220
00000000000000000000000000000001 221
00000000000000000000000000000001 222
00000000000000000000000000000001 223
00000000000000000000000000000001 224
00000000000000000000000000000001 225
00000000000000000000000000000001 226
00000000000000000000000000000001 227
00000000000000000000000000000001 228
00000000000000000000000000000001 229
00000000000000000000000000000001 230
00000000000000000000000000000001 231
00000000000000000000000000000001 232
00000000000000000000000000000001 233
00000000000000000000000000000001 234
00000000000000000000000000000001 235
00000000000000000000000000000001 236
00000000000000000000000000000001 237
00000000000000000000000000000001 238
00000000000000000000000000000001 239
00000000000000000000000000000001 240
00000000000000000000000000000001 241
00000000000000000000000000000001 242
00000000000000000000000000000001 243
00000000000000000000000000000001 244
00000000000000000000000000000001 245
00000000000000000000000000000001 246
00000000000000000000000000000001 247
00000000000000000000000000000001 248
00000000000000000000000000000001 249
00000000000000000000000000000001 250
00000000000000000000000000000001 251
00000000000000000000000000000001 252
00000000000000000000000000000001 253
00000000000000000000000000000001 254
00000000000000000000000000000001 255
00000000000000000000000000000001 256
00000000000000000000000000000001 257
00000000000000000000000000000001 258
00000000000000000000000000000001 259
00000000000000000000000000000001 260
00000000000000000000000000000001 261
00000000000000000000000000000001 262
00000000000000000000000000000001 263
00000000000000000000000000000001 264
00000000000000000000000000000001 265
00000000000000000000000000000001 266
00000000000000000000000000000001 267
00000000000000000000000000000001 268
00000000000000000000000000000001 269
00000000000000000000000000000001 270
00000000000000000000000000000001 271
00000000000000000000000000000001 272
00000000000000000000000000000001 273
00000000000000000000000000000001 274
00000000000000000000000000000001 275
00000000000000000000000000000001 276
00000000000000000000000000000001 277
00000000000000000000000000000001 278
00000000000000000000000000000001 279
00000000000000000000000000000001 280
00000000000000000000000000000001 281
00000000000000000000000000000001 282
00000000000000000000000000000001 283
00000000000000000000000000000001 284
00000000000000000000000000000001 285
00000000000000000000000000000001 286
00000000000000000000000000000001 287
00000000000000000000000000000001 288
00000000000000000000000000000001 289
00000000000000000000000000000001 290
00000000000000000000000000000001 291
00000000000000000000000000000001 292
00000000000000000000000000000001 293
00000000000000000000000000000001 294
00000000000000000000000000000001 295
00000000000000000000000000000001 296
00000000000000000000000000000001 297
00000000000000000000000000000001 298
00000000000000000000000000000001 299
00000000000000000000000000000001 300
00000000000000000000000000000001 301
00000000000000000000000000000001 302
00000000000000000000000000000001 303
00000000000000000000000000000001 304
00000000000000000000000000000001 305
00000000000000000000000000000001 306
00000000000000000000000000000001 307
00000000000000000000000000000001 308
00000000000000000000000000000001 309
00000000000000000000000000000001 310
00000000000000000000000000000001 311
00000000000000000000000000000001 312
00000000000000000000000000000001 313
00000000000000000000000000000001 314
00000000000000000000000000000001 315
00000000000000000000000000000001 316
00000000000000000000000000000001 317
00000000000000000000000000000001 318
00000000000000000000000000000001 319
00000000000000000000000000000001 320
00000000000000000000000000000001 321
00000000000000000000000000000001 322
00000000000000000000000000000001 323
00000000000000000000000000000001 324
00000000000000000000000000000001 325
00000000000000000000000000000001 326
00000000000000000000000000000001 327
00000000000000000000000000000001 328
00000000000000000000000000000001 329
00000000000000000000000000000001 330
00000000000000000000000000000001 331
00000000000000000000000000000001 332
00000000000000000000000000000001 333
00000000000000000000000000000001 334
00000000000000000000000000000001 335
00000000000000000000000000000001 336
00000000000000000000000000000001 337
00000000000000000000000000000001 338
00000000000000000000000000000001 339
00000000000000000000000000000001 340
00000000000000000000000000000001 341
00000000000000000000000000000001 342
00000000000000000000000000000001 343
00000000000000000000000000000001 344
00000000000000000000000000000001 345
00000000000000000000000000000001 346
00000000000000000000000000000001 347
00000000000000000000000000000001 348
00000000000000000000000000000001 349
00000000000000000000000000000001 350
00000000000000000000000000000001 351
00000000000000000000000000000001 352
00000000000000000000000000000001 353
00000000000000000000000000000001 354
00000000000000000000000000000001 355
00000000000000000000000000000001 356
00000000000000000000000000000001 357
00000000000000000000000000000001 358
00000000000000000000000000000001 359
00000000000000000000000000000001 360
00000000000000000000000000000001 361
00000000000000000000000000000001 362
00000000000000000000000000000001 363
00000000000000000000000000000001 364
00000000000000000000000000000001 365
00000000000000000000000000000001 366
00000000000000000000000000000001 367
00000000000000000000000000000001 368
00000000000000000000000000000001 369
00000000000000000000000000000001 370
00000000000000000000000000000001 371
00000000000000000000000000000001 372
00000000000000000000000000000001 373
00000000000000000000000000000001 374
00000000000000000000000000000001 375
00000000000000000000000000000001 376
00000000000000000000000000000001 377
00000000000000000000000000000001 378
00000000000000000000000000000001 379
00000000000000000000000000000001 380
00000000000000000000000000000001 381
00000000000000000000000000000001 382
00000000000000000000000000000001 383
00000000000000000000000000000001 384
00000000000000000000000000000001 385
00000000000000000000000000000001 386
00000000000000000000000000000001 387
00000000000000000000000000000001 388
00000000000000000000000000000001 389
00000000000000000000000000000001 390
00000000000000000000000000000001 391
00000000000000000000000000000001 392
00000000000000000000000000000001 393
00000000000000000000000000000001 394
00000000000000000000000000000001 395
00000000000000000000000000000001 396
00000000000000000000000000000001 397
00000000000000000000000000000001 398
00000000000000000000000000000001 399
00000000000000000000000000000001 400
00000000000000000000000000000001 401
00000000000000000000000000000001 402
00000000000000000000000000000001 403
00000000000000000000000000000001 404
00000000000000000000000000000001 405
00000000000000000000000000000001 406
00000000000000000000000000000001 407
00000000000000000000000000000001 408
00000000000000000000000000000001 409
00000000000000000000000000000001 410
00000000000000000000000000000001 411
00000000000000000000000000000001 412
00000000000000000000000000000001 413
00000000000000000000000000000001 414
00000000000000000000000000000001 415
00000000000000000000000000000001 416
00000000000000000000000000000001 417
00000000000000000000000000000001 418
00000000000000000000000000000001 419
00000000000000000000000000000001 420
00000000000000000000000000000001 421
00000000000000000000000000000001 422
00000000000000000000000000000001 423
00000000000000000000000000000001 424
00000000000000000000000000000001 425
00000000000000000000000000000001 426
00000000000000000000000000000001 427
00000000000000000000000000000001 428
00000000000000000000000000000001 429
00000000000000000000000000000001 430
00000000000000000000000000000001 431
00000000000000000000000000000001 432
00000000000000000000000000000001 433
00000000000000000000000000000001 434
00000000000000000000000000000001 435
00000000000000000000000000000001 436
00000000000000000000000000000001 437
00000000000000000000000000000001 438
00000000000000000000000000000001 439
00000000000000000000000000000001 440
00000000000000000000000000000001 441
00000000000000000000000000000001 442
00000000000000000000000000000001 443
00000000000000000000000000000001 444
00000000000000000000000000000001 445
00000000000000000000000000000001 446
00000000000000000000000000000001 447
00000000000000000000000000000001 448
00000000000000000000000000000001 449
00000000000000000000000000000001 450
00000000000000000000000000000001 451
00000000000000000000000000000001 452
00000000000000000000000000000001 453
00000000000000000000000000000001 454
00000000000000000000000000000001 455
00000000000000000000000000000001 456
00000000000000000000000000000001 457
00000000000000000000000000000001 458
00000000000000000000000000000001 459
00000000000000000000000000000001 460
00000000000000000000000000000001 461
00000000000000000000000000000001 462
00000000000000000000000000000001 463
00000000000000000000000000000001 464
00000000000000000000000000000001 465
00000000000000000000000000000001 466
00000000000000000000000000000001 467
00000000000000000000000000000001 468
00000000000000000000000000000001 469
00000000000000000000000000000001 470
00000000000000000000000000000001 471
00000000000000000000000000000001 472
00000000000000000000000000000001 473
00000000000000000000000000000001 474
00000000000000000000000000000001 475
00000000000000000000000000000001 476
00000000000000000000000000000001 477
00000000000000000000000000000001 478
00000000000000000000000000000001 479
00000000000000000000000000000001 480
00000000000000000000000000000001 481
00000000000000000000000000000001 482
00000000000000000000000000000001 483
00000000000000000000000000000001 484
00000000000000000000000000000001 485
00000000000000000000000000000001 486
00000000000000000000000000000001 487
00000000000000000000000000000001 488
00000000000000000000000000000001 489
00000000000000000000000000000001 490
00000000000000000000000000000001 491
00000000000000000000000000000001 492
00000000000000000000000000000001 493
00000000000000000000000000000001 494
00000000000000000000000000000001 495
00000000000000000000000000000001 496
00000000000000000000000000000001 497
00000000000000000000000000000001 498
00000000000000000000000000000001 499
00000000000000000000000000000001 500
00000000000000000000000000000001 501
00000000000000000000000000000001 502
00000000000000000000000000000001 503
00000000000000000000000000000001 504
00000000000000000000000000000001 505
00000000000000000000000000000001 506
00000000000000000000000000000001 507
00000000000000000000000000000001 508
00000000000000000000000000000001 509
00000000000000000000000000000001 510
00000000000000000000000000000001 511
00000000000000000000000000000001 512
00000000000000000000000000000001 513
00000000000000000000000000000001 514
00000000000000000000000000000001 515
00000000000000000000000000000001 516
00000000000000000000000000000001 517
00000000000000000000000000000001 518
00000000000000000000000000000001 519
00000000000000000000000000000001 520
00000000000000000000000000000001 521
00000000000000000000000000000001 522
00000000000000000000000000000001 523
00000000000000000000000000000001 524
00000000000000000000000000000001 525
00000000000000000000000000000001 526
00000000000000000000000000000001 527
00000000000000000000000000000001 528
00000000000000000000000000000001 529
00000000000000000000000000000001 530
00000000000000000000000000000001 531
00000000000000000000000000000001 532
00000000000000000000000000000001 533
00000000000000000000000000000001 534
00000000000000000000000000000001 535
00000000000000000000000000000001 536
00000000000000000000000000000001 537
00000000000000000000000000000001 538
00000000000000000000000000000001 539
00000000000000000000000000000001 540
00000000000000000000000000000001 541
00000000000000000000000000000001 542
00000000000000000000000000000001 543
00000000000000000000000000000001 544
00000000000000000000000000000001 545
00000000000000000000000000000001 546
00000000000000000000000000000001 547
00000000000000000000000000000001 548
00000000000000000000000000000001 549
00000000000000000000000000000001 550
00000000000000000000000000000001 551
00000000000000000000000000000001 552
00000000000000000000000000000001 553
00000000000000000000000000000001 554
00000000000000000000000000000001 555
00000000000000000000000000000001 556
00000000000000000000000000000001 557
00000000000000000000000000000001 558
00000000000000000000000000000001 559
00000000000000000000000000000001 560
00000000000000000000000000000001 561
00000000000000000000000000000001 562
00000000000000000000000000000001 563
00000000000000000000000000000001 564
00000000000000000000000000000001 565
00000000000000000000000000000001 566
00000000000000000000000000000001 567
00000000000000000000000000000001 568
00000000000000000000000000000001 569
00000000000000000000000000000001 570
00000000000000000000000000000001 571
00000000000000000000000000000001 572
00000000000000000000000000000001 573
00000000000000000000000000000001 574
00000000000000000000000000000001 575
00000000000000000000000000000001 576
00000000000000000000000000000001 577
00000000000000000000000000000001 578
00000000000000000000000000000001 579
00000000000000000000000000000001 580
00000000000000000000000000000001 581
00000000000000000000000000000001 582
00000000000000000000000000000001 583
00000000000000000000000000000001 584
00000000000000000000000000000001 585
00000000000000000000000000000001 586
00000000000000000000000000000001 587
00000000000000000000000000000001 588
00000000000000000000000000000001 589
00000000000000000000000000000001 590
